Cut-Etap-SubIM:                 481.701743 606.078414 91.675677 175.745963 85.743691 175.113045
Cut-Etap-MM:                    862.763604 1006.136812
Cut-Etap-Proton-SubIM:          502.823952 587.376921 115.171815 152.287075 111.547037 153.272229
Cut-Etap-Proton-MM:             886.481326 990.502367
