Cut-Etap-SubIM:                 493.270850 597.210618 103.808766 161.851968 91.416835 170.625821
Cut-Etap-MM:                    879.538005 991.266878
Cut-Etap-Proton-SubIM:          503.237120 588.285455 115.103030 152.216530 110.235016 155.076974
Cut-Etap-Proton-MM:             883.949976 988.347396
